-1.1202
 2.2898
 10.2160
 14.7830
 -0.5518
 9.3535
 16.0635
 14.6502
 0.6152
 20.8789
 23.0488
 1.0090
 4.7510
 18.3710
 -2.7820
 -5.8031
 -8.0437
 20.1161
 1.8709
 21.2751
 -15.8686
 17.5593
 16.0551
 -18.3086
 18.0332
 -6.0820
 12.6487
 0.3676
 -0.3676
 -5.6477
 16.5905
 -4.2758
 5.7361
 0.6997
 17.8384
 12.8602
 -8.1523
 -3.3561
 11.8519
 -5.8623
 -1.4473
 -24.6600
 -14.7686
 -16.7134
 -0.7771
 -18.4594
 -6.0717
 -17.0902
 -17.4635
 6.8754
 -13.1929
 10.5506
 -22.3268
 -7.6387
 -26.2725
 -1.1202