-1.1404
 2.9439
 12.4926
 16.1901
 0.6832
 10.5700
 18.1648
 16.1326
 1.9275
 20.2850
 23.5123
 1.5757
 3.6931
 19.3509
 -2.4981
 -4.2264
 -8.7328
 19.7855
 3.6549
 21.6512
 -15.6424
 17.1289
 17.5332
 -18.0943
 19.2118
 -4.9667
 12.9963
 -0.3637
 0.3637
 -5.9649
 16.7351
 -3.1294
 7.7239
 2.1637
 17.5746
 12.2477
 -9.4743
 -3.8420
 12.8085
 -5.6214
 -1.0135
 -23.6629
 -13.2893
 -16.9739
 -0.0276
 -17.5188
 -6.1593
 -16.4161
 -15.9937
 5.7210
 -13.3490
 10.9909
 -20.5930
 -6.8808
 -26.6468
 -1.1404