-1.9180
 3.1686
 11.7043
 15.6919
 1.1821
 10.4618
 17.0351
 14.2866
 1.6704
 19.5313
 24.9198
 2.6259
 3.9429
 18.7102
 -2.0197
 -4.5879
 -9.3140
 20.2304
 2.9825
 21.6217
 -15.4656
 17.9625
 16.7346
 -18.2993
 19.4777
 -6.2198
 12.9154
 0.6757
 -0.6757
 -5.8302
 17.2609
 -2.3365
 6.8706
 1.1811
 15.9654
 10.0749
 -8.6049
 -4.4103
 12.5304
 -8.0852
 -3.0412
 -24.8801
 -14.2401
 -17.9858
 -2.3422
 -18.7691
 -7.9889
 -17.3194
 -16.6988
 4.4256
 -13.1896
 10.0219
 -21.7254
 -7.7444
 -27.5491
 -1.9180