-2.3676
 4.1815
 10.6453
 14.9806
 -1.9121
 7.7213
 16.7111
 15.3282
 0.6960
 20.1347
 22.5740
 0.4315
 2.8696
 17.9366
 -2.6062
 -4.4303
 -8.4214
 19.3668
 2.9530
 20.3544
 -15.4721
 17.4444
 16.2062
 -19.7874
 19.5098
 -6.4974
 12.4099
 -0.3877
 0.3877
 -7.4288
 17.4274
 -3.8849
 6.9061
 1.4195
 17.5631
 13.0028
 -8.9654
 -4.7011
 11.4636
 -6.4811
 -1.2141
 -25.6945
 -13.5696
 -17.9571
 -1.0047
 -18.8075
 -5.9441
 -17.7212
 -14.9858
 5.1021
 -14.0380
 11.5228
 -23.1532
 -9.2066
 -27.5516
 -2.3676