-30.6369
 -35.0737
 -37.3808
 -40.6179
 -40.0291
 -39.3122
 -42.0033
 -41.8569
 -38.5523
 -39.5750
 -36.8990
 -37.0641
 -34.4860
 -32.2142
 -30.8795
 -29.2019
 -25.7823
 -23.7207
 -21.9084
 -19.9309
 -17.0655
 -14.6924
 -14.1922
 -11.7132
 -9.2177
 -6.8399
 -6.1644
 -1.5826
 1.5826
 3.0341
 5.3729
 7.7328
 9.0487
 10.3560
 9.4308
 12.3617
 14.8260
 15.9547
 16.9819
 17.3228
 17.6383
 18.1612
 16.5633
 16.0645
 17.6459
 16.7664
 13.0946
 13.3168
 9.3303
 7.2336
 3.7995
 -0.3208
 -6.4422
 -12.3299
 -20.9958
 -30.6369