-30.585044642945366
-34.87189699946876
-37.29315333065043
-39.77307123427518
-38.4415305261888
-38.93092430850812
-41.642572744151735
-40.83240107949088
-38.237948947778925
-39.066342590743226
-36.268246480916794
-36.297240792252765
-34.32307132286424
-32.44313559217133
-31.07545475865706
-29.078048432901703
-27.010213431709516
-23.009724805618845
-21.154887984842826
-19.587811936692535
-18.381798245248984
-15.05731883654737
-14.005382877957532
-10.548095936608327
-8.639928952444905
-7.172057163717315
-5.179068166229131
-2.2632019330132684
2.263201933013269
4.119372020273967
6.27782956362917
7.287545688193683
8.329686546210192
10.86119822176239
10.848386687593187
13.426877158070987
14.057687869561143
16.62960683450712
17.67412236337529
17.41331111937715
18.254184338474634
17.91726938271135
17.072491289046393
16.448259781488606
17.312257345836894
17.106781186223298
13.677784311405727
13.841784412837823
9.684403812259264
8.049722829644791
2.9718155386667697
-1.0995657967425363
-5.766010999236844
-11.97291662872783
-19.829915071380274
-30.585044642945366