-29.6720
 -34.8211
 -38.1812
 -39.1342
 -39.9056
 -40.6033
 -42.3194
 -41.3541
 -40.1609
 -40.2199
 -37.3288
 -36.8136
 -34.9919
 -33.8297
 -32.4563
 -29.1280
 -28.1262
 -24.5418
 -21.7568
 -20.2503
 -17.7202
 -13.8838
 -14.2201
 -10.8849
 -9.4261
 -5.7169
 -3.9178
 -3.5458
 3.5458
 4.2627
 6.9015
 7.3452
 9.7165
 11.8415
 13.3492
 14.5373
 16.1693
 15.2695
 18.4074
 20.3776
 19.7036
 20.4764
 17.4618
 16.3472
 19.1539
 19.8723
 16.2022
 16.0105
 12.0012
 10.7150
 6.5293
 0.5771
 -4.6013
 -11.7851
 -17.6497
 -29.6720